0 1.21737
1 0.745726
2 1.39481
3 0.887748
4 1.64459
5 1.07832
6 1.56324
7 1.51391
8 1.92174
9 1.18387
10 1.96337
11 1.4548
12 1.78727
13 1.41364
14 1.84186
15 2.29666
16 2.20686
17 2.02125
18 2.23201
19 2.20268
20 2.00894
21 2.2906
22 2.32503
23 2.17645
24 1.61713
25 1.53443
26 2.33852
27 1.54679
28 2.06709
29 1.72822
30 2.2264
31 1.73196
32 1.8474
33 1.92113
34 1.84687
35 1.64749
36 2.08463
37 1.42663
38 2.11115
39 1.89153
40 1.43349
41 1.83802
42 1.05324
43 1.87421
44 1.85499
45 1.45184
46 1.68476
47 1.53678
48 0.913101
49 1.32604
50 1.1223
51 1.28286
52 0.959939
53 0.777659
54 0.7813
55 0.895356
56 0.631344
57 0.444704
58 0.77729
59 0.0484492
60 0.542333
61 0.39696
62 0.201907
63 -0.15628
64 -0.191311
65 0.579983
66 0.066834
67 0.517014
68 -0.318169
69 -0.0920084
70 0.196372
71 -0.0362226
72 -0.342325
73 0.226795
74 -0.117238
75 -0.373172
76 -0.13629
77 -0.175256
78 0.493939
79 0.18092
80 -0.370948
81 0.168748
82 0.0903306
83 0.289073
84 -0.280764
85 -0.28387
86 0.0992386
87 0.334063
88 0.211082
89 -0.00862935
90 0.559522
91 -0.0100801
92 0.681424
93 0.107982
94 0.230311
95 0.933363
96 1.17407
97 0.822215
98 1.01037
99 0.446627
100 1.34736
101 0.845919
102 1.06711
103 1.67471
104 0.750728
105 1.63158
106 0.982279
107 1.28955
108 1.12118
109 1.12621
110 1.10106
111 1.35696
112 1.87345
113 1.7374
114 2.15543
115 2.06149
116 1.87791
117 1.63097
118 1.72033
119 2.35899
120 1.83452
121 2.43139
122 2.43725
123 1.53876
124 2.4946
125 1.5534
126 2.28705
127 2.41145
128 2.04528
129 1.89331
130 2.37981
131 1.84014
132 2.11268
133 1.74684
134 1.74202
135 2.01891
136 1.46362
137 1.74081
138 1.25822
139 1.46995
140 1.69001
141 1.12278
142 1.53382
143 1.21691
144 1.46351
145 1.246
146 0.792296
147 0.816355
148 1.31698
149 0.921901
150 0.558189
151 0.512323
152 0.696589
153 0.32577
154 0.373067
155 0.509479
156 0.198426
157 0.985001
158 0.256077
159 0.59372
160 0.24772
161 0.029161
162 -0.144638
163 -0.185608
164 0.266605
165 0.128581
166 0.408926
167 0.353913
168 0.544615
169 0.397148
170 -0.388309
171 0.0830852
172 0.431586
173 0.122695
174 0.344774
175 0.00925964
176 -0.446238
177 0.394291
178 0.155944
179 0.274854
180 -0.205543
181 0.266641
182 0.413721
183 0.191127
184 0.365238
185 0.631286
186 0.615414
187 0.547145
188 0.666534
189 -0.013668
190 0.317873
191 0.150757
192 0.308585
193 0.519786
194 0.361818
195 1.01844
196 1.13447
197 1.29581
198 0.932341
199 1.26981
200 1.31012
201 1.18321
202 1.0096
203 1.41137
204 0.98392
205 1.03609
206 1.10138
207 1.2128
208 1.09523
209 1.90731
210 1.11824
211 1.49642
212 1.75245
213 2.07798
214 2.19694
215 1.58649
216 2.13364
217 2.18866
218 1.45841
219 2.07017
220 2.38717
221 1.92783
222 2.30927
223 1.71857
224 2.40284
225 1.55693
226 1.55194
227 2.28009
228 1.52241
229 2.08017
230 2.07164
231 2.28002
232 1.63684
233 1.38117
234 1.91857
235 1.77627
236 1.50245
237 2.03647
238 1.93882
239 1.48284
240 1.76677
241 1.82056
242 1.68616
243 1.17267
244 1.50186
245 1.43985
246 1.27305
247 1.11043
248 1.06853
249 1.14073
250 0.563448
251 0.816517
252 0.411858
253 1.20305
254 0.857073
255 1.13299
256 1.07923
257 0.733898
258 0.748231
259 0.951654
260 0.183482
261 0.213144
262 0.653179
263 0.274313
264 0.0849112
265 0.102949
266 0.6262
267 0.211048
268 -0.185367
269 0.29502
270 0.481709
271 0.429857
272 0.0272368
273 0.145054
274 -0.352703
275 -0.356739
276 -0.230026
277 0.177563
278 0.0840229
279 0.242606
280 -0.203439
281 0.199978
282 -0.314335
283 -0.0915018
284 0.175853
285 0.387235
286 -0.0437064
287 0.238564
288 0.171378
289 0.819364
290 0.367225
291 0.591363
292 0.325599
293 0.366954
294 0.262344
295 0.853757
296 0.956007
297 0.413612
298 0.624794
299 1.36137
300 1.32579
301 0.745682
302 1.44793
303 1.02269
304 1.56875
305 1.77694
306 1.3467
307 1.01384
308 1.61935
309 1.08071
310 1.88704
311 2.02264
312 1.85919
313 2.11871
314 1.44054
315 1.50384
316 1.93033
317 1.77314
318 2.06719
319 2.37171
320 1.80468
321 1.58596
322 2.05141
323 2.1531
324 1.90814
325 2.1996
326 1.82179
327 1.60693
328 2.28288
329 2.04247
330 1.49003
331 2.05616
332 2.16161
333 2.23788
334 2.30603
335 1.88587
336 2.10001
337 1.66925
338 1.84946
339 1.60452
340 1.57295
341 1.5
342 1.33407
343 1.08559
344 1.22205
345 1.33136
346 1.10333
347 1.62731
348 1.54451
349 0.579788
350 1.38186
351 0.710011
352 0.509039
353 0.763599
354 1.18509
355 0.735466
356 0.28245
357 0.331762
358 0.677541
359 0.91534
360 0.743645
361 0.560842
362 0.393004
363 0.359247
364 0.289323
365 0.230233
366 -0.179263
367 0.0130214
368 0.574698
369 0.400202
370 0.405364
371 -0.00389549
372 -0.18814
373 -0.283384
374 0.126466
375 0.148065
376 0.23304
377 0.487009
378 0.105698
379 0.181655
380 0.545059
381 0.0400601
382 0.518207
383 -0.245825
384 0.576483
385 0.547794
386 0.404446
387 -0.157588
388 -0.0702007
389 0.196825
390 -0.0652417
391 0.909946
392 0.0507565
393 0.674311
394 0.66586
395 0.783325
396 0.390648
397 1.01167
398 1.35633
399 0.55607
400 1.02902
401 1.40088
402 1.20888
403 1.51055
404 0.795507
405 1.01706
406 1.33936
407 1.70366
408 1.16892
409 1.09505
410 1.51591
411 1.32071
412 1.71361
413 1.58013
414 1.58428
415 1.75889
416 1.5523
417 2.36504
418 1.92609
419 1.7521
420 1.77404
421 2.01239
422 1.75039
423 1.84761
424 1.64193
425 2.30209
426 2.44587
427 1.77536
428 1.98343
429 2.3981
430 1.85317
431 1.45995
432 2.17244
433 2.36198
434 2.19768
435 2.12345
436 1.46423
437 1.55356
438 1.77687
439 1.51831
440 1.47161
441 1.05628
442 1.54593
443 1.83867
444 1.23975
445 1.68696
446 1.11146
447 1.26698
448 1.49201
449 1.44682
450 1.40193
451 0.62687
452 0.802506
453 0.482651
454 0.796471
455 0.762729
456 1.104
457 0.567228
458 0.87324
459 0.437445
460 0.334742
461 0.119684
462 0.318899
463 -0.03883
464 -0.0277388
465 0.0477778
466 -0.339756
467 0.0601791
468 0.276557
469 0.167118
470 0.36631
471 -0.403384
472 0.135058
473 -0.110583
474 0.480052
475 0.488961
476 -0.238559
477 -0.151278
478 0.0862659
479 -0.342447
480 -0.226198
481 0.040697
482 -0.0890369
483 0.276385
484 0.296171
485 0.551927
486 -0.0460829
487 0.383649
488 0.169398
489 -0.058006
490 -0.00190142
491 0.74064
492 0.354767
493 0.663545
494 1.09848
495 0.770274
496 1.19743
497 1.28379
498 0.39044
499 1.06471
500 1.06806
501 1.39593
502 1.31803
503 0.872787
504 0.963359
505 1.47979
506 1.04249
507 1.39992
508 0.993364
509 1.77875
510 1.68806
511 1.3739
512 1.39794
513 2.14504
514 2.15968
515 2.16292
516 2.12135
517 1.48991
518 1.87135
519 1.56075
520 1.64408
521 2.021
522 2.38973
523 2.02167
524 1.63977
525 2.37405
526 1.60688
527 1.57998
528 2.32751
529 1.59322
530 2.16643
531 1.84307
532 2.36261
533 1.78438
534 1.94304
535 1.48147
536 1.34937
537 2.00205
538 1.83115
539 1.22789
540 1.60379
541 1.28271
542 1.3087
543 1.65519
544 1.03108
545 1.02514
546 1.33201
547 1.62736
548 0.95506
549 0.612634
550 0.57095
551 0.959965
552 0.976926
553 1.29101
554 0.303621
555 0.934988
556 0.984318
557 0.235382
558 0.850119
559 0.661839
560 0.198007
561 0.409819
562 -0.0735898
563 0.0145982
564 0.684799
565 0.400643
566 0.0716881
567 -0.342146
568 0.077908
569 -0.367168
570 -0.326432
571 0.530153
572 -0.172805
573 -0.0405488
574 0.230114
575 -0.0275692
576 0.169652
577 -0.180666
578 -0.0698863
579 0.528814
580 -0.0897727
581 0.053566
582 0.115317
583 0.587228
584 0.117399
585 0.263429
586 0.437019
587 0.0851931
588 0.549053
589 0.401973
590 -0.0759645
591 -0.0164412
592 0.10488
593 0.196993
594 0.394822
595 0.232924
596 1.08374
597 0.991577
598 0.450764
599 0.752368
600 1.24156
601 0.763511
602 0.939227
603 0.738427
604 1.40098
605 0.851051
606 1.3916
607 1.24574
608 1.33524
609 1.97171
610 1.40515
611 1.85219
612 1.60377
613 2.06648
614 1.94882
615 2.18998
616 1.75429
617 1.76216
618 1.59995
619 1.57335
620 2.37631
621 1.67554
622 1.64525
623 1.50401
624 1.82776
625 1.92592
626 1.55187
627 1.65429
628 1.58717
629 1.59853
630 1.9284
631 2.27624
632 1.73551
633 2.16755
634 2.24184
635 2.29199
636 2.1038
637 1.64997
638 1.4875
639 1.3242
640 1.44467
641 1.65615
642 1.88331
643 1.7019
644 1.32596
645 1.38889
646 1.40577
647 1.55519
648 1.59106
649 1.415
650 0.511379
651 1.32819
652 0.433837
653 0.486963
654 1.15418
655 0.579889
656 0.732139
657 1.03094
658 0.569322
659 0.669321
660 -0.00111831
661 -0.109013
662 0.367057
663 0.188375
664 0.549134
665 0.140096
666 0.0559844
667 0.276619
668 0.465279
669 0.273476
670 0.388637
671 -0.241599
672 -0.158724
673 0.249124
674 -0.494932
675 0.281392
676 -0.176927
677 0.168053
678 0.1669
679 -0.181771
680 0.0613146
681 0.23078
682 -0.227046
683 0.195225
684 0.490563
685 -0.228371
686 0.689914
687 0.206177
688 -0.147192
689 0.37407
690 0.0524994
691 0.0881873
692 0.558143
693 0.766102
694 0.673226
695 0.550522
696 0.392299
697 1.25428
698 0.387126
699 0.4483
700 1.14491
701 1.41494
702 0.863407
703 1.65585
704 1.34208
705 1.05018
706 1.61799
707 1.84027
708 1.88309
709 1.43488
710 1.28909
711 1.55114
712 1.24416
713 1.60806
714 2.25576
715 2.20353
716 1.80407
717 2.32199
718 1.73449
719 1.92688
720 1.90824
721 1.93854
722 2.10342
723 2.48921
724 1.65987
725 1.66249
726 1.85467
727 1.79496
728 1.58645
729 1.83769
730 1.76501
731 2.17885
732 1.6261
733 1.92834
734 2.06189
735 2.12369
736 2.06372
737 1.6964
738 1.91372
739 1.83198
740 1.95427
741 1.96631
742 1.09003
743 1.85189
744 1.1777
745 0.902552
746 1.56932
747 1.45671
748 0.664557
749 0.713083
750 0.766436
751 0.933622
752 0.994917
753 1.20019
754 0.744816
755 0.973081
756 0.181931
757 0.924368
758 0.10319
759 0.118385
760 0.13147
761 0.261465
762 0.718737
763 0.211554
764 0.680403
765 0.311818
766 -0.089142
767 0.367813
768 -0.316571
769 0.554569
770 -0.012388
771 0.486153
772 0.432529
773 0.0548224
774 0.382808
775 -0.275616
776 0.142434
777 0.209334
778 0.511411
779 0.21109
780 0.400673
781 -0.169655
782 -0.228753
783 0.0956615
784 -0.196651
785 0.360552
786 -0.0164579
787 -0.0312465
788 0.335158
789 0.201565
790 0.264139
791 0.703125
792 0.756115
793 0.329421
794 0.311342
795 0.87976
796 1.12734
797 0.747265
798 0.807558
799 1.40149
800 0.918988
801 1.43435
802 1.54435
803 1.02118
804 1.16718
805 1.60886
806 1.42631
807 0.984734
808 1.48305
809 1.58771
810 1.82642
811 1.49046
812 1.99656
813 2.14368
814 2.09552
815 2.26872
816 1.92861
817 1.45538
818 1.56226
819 1.53378
820 1.86913
821 1.97795
822 2.32525
823 1.64806
824 2.2626
825 1.52244
826 2.34276
827 2.13273
828 1.93939
829 1.74622
830 2.05597
831 2.30588
832 1.55404
833 1.90024
834 1.55424
835 1.87673
836 1.59431
837 1.99708
838 1.81123
839 1.96253
840 1.4078
841 1.40115
842 1.1599
843 1.05781
844 1.14817
845 0.812178
846 0.84043
847 1.55172
848 0.70757
849 0.811965
850 1.46834
851 0.937518
852 1.13321
853 1.12392
854 0.907569
855 0.7141
856 0.965622
857 0.575216
858 0.181979
859 0.255016
860 0.690847
861 0.631213
862 -0.0176091
863 0.698869
864 0.0220529
865 0.0678286
866 0.151217
867 0.240046
868 -0.259877
869 -0.30756
870 -0.00960995
871 -0.00363315
872 0.00524118
873 0.127466
874 0.0989459
875 0.267558
876 0.124702
877 0.196585
878 0.149592
879 0.236369
880 0.486805
881 0.170431
882 -0.199579
883 0.320083
884 0.0671722
885 0.552477
886 -0.0510192
887 0.0162659
888 0.17793
889 0.245791
890 0.448282
891 0.105273
892 0.170089
893 0.777216
894 0.200803
895 0.635384
896 0.331144
897 0.877085
898 0.435414
899 0.661988
900 1.18668
901 1.06498
902 1.31506
903 0.861587
904 0.87046
905 1.09571
906 1.80989
907 1.67028
908 1.95715
909 1.60947
910 1.53724
911 2.05069
912 1.35841
913 1.88368
914 1.88018
915 1.89438
916 1.86054
917 2.20547
918 2.23544
919 2.30848
920 1.66345
921 1.83527
922 1.5021
923 1.85636
924 1.56772
925 1.58875
926 2.30669
927 1.64166
928 2.13552
929 2.338
930 1.82539
931 1.7697
932 1.77645
933 1.44038
934 1.85847
935 1.80243
936 1.6213
937 1.68489
938 1.42247
939 1.46362
940 1.11737
941 1.72322
942 1.22123
943 1.12923
944 1.21023
945 1.65816
946 1.53751
947 1.54571
948 1.30365
949 1.18223
950 1.23704
951 1.32792
952 1.3608
953 1.06947
954 0.506271
955 0.246815
956 0.977479
957 0.13784
958 0.223622
959 0.463008
960 0.845251
961 0.442284
962 0.654208
963 0.0756865
964 0.373264
965 0.0438752
966 0.453727
967 0.618248
968 0.403977
969 -0.393812
970 -0.130314
971 0.369788
972 0.241054
973 0.06809
974 -0.45622
975 -0.434563
976 -0.0886898
977 0.338502
978 0.441466
979 -0.380943
980 -0.00101403
981 0.230998
982 0.573512
983 0.0598549
984 0.073283
985 -0.0757315
986 0.221467
987 0.0342327
988 0.112345
989 0.559918
990 0.674238
991 0.19409
992 0.295285
993 0.674989
994 0.666438
995 1.11179
996 1.20496
997 0.645228
998 1.29002
999 1.19966
1000 0.868569
1001 0.798883
1002 1.22615
1003 0.77929
1004 1.54499
1005 1.45164
1006 1.02547
1007 1.13141
1008 1.455
1009 1.11693
1010 1.38106
1011 2.06072
1012 1.92643
1013 1.50059
1014 1.62997
1015 1.46852
1016 1.84925
1017 2.22776
1018 1.82754
1019 2.2316
1020 1.99986
1021 1.65333
1022 1.51404
1023 2.31797
0 1.28553
1 1.12912
2 1.37201
3 1.42658
4 1.64764
5 1.47106
6 1.36979
7 1.19332
8 1.87991
9 1.13832
10 1.44724
11 1.83189
12 1.92968
13 1.74578
14 2.17062
15 1.5274
16 1.94226
17 1.5697
18 1.54652
19 1.7696
20 1.91609
21 1.96974
22 1.98162
23 2.46207
24 1.85064
25 2.42205
26 2.26982
27 2.39354
28 1.58909
29 2.27213
30 2.17834
31 2.32212
32 1.7747
33 1.85027
34 1.97587
35 1.57785
36 1.40653
37 1.36217
38 1.72091
39 1.17159
40 1.32348
41 1.93165
42 1.71038
43 1.90661
44 1.28076
45 1.43775
46 0.947907
47 0.697949
48 1.44747
49 0.903696
50 0.850389
51 0.724375
52 1.21673
53 1.16234
54 0.508435
55 0.385662
56 0.903648
57 0.103134
58 0.114351
59 0.842752
60 0.744674
61 0.685967
62 0.586373
63 -0.0266335
64 0.0268427
65 0.0934445
66 0.126837
67 0.0570614
68 0.130838
69 -0.422246
70 0.0164763
71 0.30278
72 0.421066
73 -0.295956
74 0.254165
75 -0.184009
76 0.326867
77 0.459293
78 -0.15573
79 0.178442
80 -0.158744
81 0.247169
82 0.529363
83 -0.241932
84 0.182337
85 -0.117702
86 0.0585395
87 0.0694673
88 0.0356804
89 0.287733
90 0.0892289
91 0.0168587
92 0.266793
93 1.02215
94 0.386895
95 0.736885
96 0.601705
97 1.0388
98 1.35394
99 1.32327
100 1.23371
101 1.00959
102 1.28276
103 1.32445
104 1.39165
105 1.21863
106 1.82118
107 1.39363
108 1.34278
109 1.31544
110 1.20267
111 1.79076
112 2.14111
113 1.27804
114 2.05822
115 1.79224
116 1.58471
117 1.49307
118 2.18649
119 1.89039
120 1.99298
121 2.42726
122 1.99559
123 2.28258
124 2.40464
125 2.26832
126 1.8344
127 1.74913
128 1.9768
129 1.78423
130 1.59413
131 1.658
132 2.16727
133 2.1768
134 2.20962
135 1.71443
136 1.48063
137 2.04732
138 2.05781
139 1.70856
140 1.18576
141 2.02397
142 1.20623
143 0.980316
144 0.905343
145 0.8212
146 1.28646
147 0.964988
148 0.754281
149 0.882221
150 1.23822
151 1.10808
152 0.652778
153 0.564143
154 0.712649
155 0.37571
156 0.151723
157 0.871932
158 0.459985
159 0.47853
160 0.0255686
161 0.447387
162 0.558034
163 0.646831
164 0.114793
165 0.298857
166 -0.0631201
167 0.219111
168 0.0213996
169 -0.275305
170 -0.284505
171 0.0556142
172 -0.339671
173 -0.101093
174 0.0807048
175 -0.320168
176 -0.0948245
177 -0.37562
178 -0.0248508
179 0.0635643
180 -0.0151338
181 -0.23412
182 -0.201813
183 0.337725
184 0.10285
185 0.355334
186 0.628243
187 0.238055
188 0.277513
189 0.203068
190 0.893592
191 0.539585
192 0.943547
193 0.798177
194 0.583085
195 0.501588
196 0.583139
197 1.04503
198 1.28069
199 1.19526
200 1.38689
201 0.635363
202 0.907584
203 0.716883
204 1.21228
205 1.67
206 1.07746
207 1.79257
208 1.95923
209 1.7026
210 1.48673
211 1.55083
212 2.04698
213 1.83093
214 1.39795
215 1.61863
216 1.61064
217 1.4025
218 2.18146
219 2.15815
220 1.81774
221 2.2266
222 1.78608
223 1.7841
224 1.98
225 2.255
226 2.10062
227 2.30592
228 1.96971
229 1.97721
230 2.02292
231 1.80409
232 1.98602
233 2.23042
234 1.74814
235 1.35381
236 1.98562
237 1.84212
238 2.09614
239 1.83001
240 1.36771
241 1.34637
242 1.08774
243 1.06814
244 1.78063
245 1.04244
246 1.20066
247 0.866196
248 0.88495
249 0.791393
250 1.40719
251 1.06351
252 1.36128
253 0.523598
254 1.1696
255 0.659573
256 1.09786
257 0.595113
258 0.300641
259 0.417573
260 -0.0582715
261 0.716832
262 0.643162
263 0.381741
264 0.437858
265 -0.0774958
266 0.311174
267 0.047165
268 0.439843
269 0.137315
270 -0.335005
271 -0.34399
272 0.39534
273 -0.270079
274 -0.23108
275 0.290125
276 -0.042572
277 0.226795
278 0.486649
279 0.246485
280 0.496452
281 0.446346
282 -0.063459
283 0.557815
284 -0.257229
285 -0.0493583
286 0.132195
287 -0.175893
288 0.596
289 0.547675
290 0.418687
291 0.774231
292 0.557599
293 0.408399
294 0.55264
295 0.438704
296 0.817007
297 0.388883
298 1.04586
299 0.847575
300 1.14335
301 1.35003
302 1.16029
303 1.20836
304 0.757967
305 1.61092
306 1.17923
307 1.39051
308 1.50257
309 1.31587
310 1.26759
311 1.60575
312 1.34071
313 1.75014
314 1.67296
315 1.55229
316 2.12516
317 2.18147
318 1.70117
319 1.99116
320 1.94132
321 2.27141
322 1.85373
323 1.52173
324 1.63503
325 2.29221
326 1.77537
327 2.19482
328 2.35077
329 2.41712
330 1.56413
331 1.94162
332 2.14062
333 2.02435
334 1.37716
335 2.05409
336 1.72046
337 1.57291
338 1.39435
339 2.10819
340 1.71177
341 1.42544
342 1.42085
343 1.70594
344 1.77891
345 1.65057
346 0.772117
347 1.379
348 1.27205
349 0.882567
350 0.753004
351 0.574189
352 0.497268
353 0.937069
354 0.41791
355 0.45059
356 0.54854
357 0.518166
358 0.98056
359 0.24932
360 0.3047
361 -0.0620338
362 0.61244
363 -0.100697
364 0.452915
365 0.520795
366 0.52901
367 -0.202931
368 -0.23108
369 -0.346637
370 -0.306914
371 0.329145
372 -0.0095425
373 0.0911226
374 0.0798529
375 -0.116476
376 -0.0732424
377 0.109187
378 -0.407149
379 -0.397089
380 0.470016
381 -0.10164
382 -0.196359
383 -0.332638
384 0.608253
385 0.0660459
386 0.0327575
387 0.140272
388 0.634456
389 0.128156
390 0.566597
391 0.175658
392 0.359212
393 0.525586
394 0.471628
395 0.255374
396 0.532485
397 0.525706
398 0.612431
399 0.892129
400 0.796224
401 0.944696
402 0.87798
403 1.45635
404 1.71383
405 1.63954
406 1.02062
407 1.31571
408 1.41358
409 1.26346
410 1.54921
411 1.49033
412 1.74032
413 1.89886
414 1.66709
415 1.81737
416 1.38929
417 2.07616
418 2.28243
419 2.29374
420 2.41649
421 2.00057
422 1.55774
423 1.79852
424 2.48139
425 1.91522
426 1.86883
427 1.75665
428 2.1106
429 2.07716
430 2.17052
431 2.35432
432 2.39531
433 2.34842
434 2.03784
435 2.26465
436 2.07316
437 2.07498
438 1.53011
439 1.37191
440 1.16144
441 1.84282
442 1.56915
443 1.5552
444 1.34501
445 1.79299
446 0.886475
447 1.20923
448 1.30916
449 0.578179
450 0.885823
451 1.08647
452 0.922044
453 0.7739
454 1.20698
455 0.721719
456 1.00837
457 0.400693
458 0.81352
459 0.468978
460 0.84726
461 0.377312
462 0.244795
463 0.696559
464 0.216337
465 -0.186165
466 0.536828
467 -0.0868119
468 0.564033
469 -0.20306
470 0.0729167
471 -0.426079
472 -0.448584
473 -0.380755
474 0.173897
475 0.0105872
476 -0.402702
477 0.317587
478 -0.449854
479 0.310561
480 0.374027
481 -0.0115277
482 0.0235727
483 -0.00385332
484 0.535195
485 0.0750458
486 0.632669
487 0.527045
488 0.525982
489 0.561026
490 0.173027
491 0.609742
492 0.231427
493 0.76437
494 0.702966
495 0.891009
496 1.06431
497 0.764862
498 1.36418
499 1.21906
500 1.17896
501 1.07628
502 1.44969
503 1.40004
504 1.37354
505 1.3053
506 1.09137
507 1.64595
508 1.28774
509 1.29151
510 1.58711
511 1.26849
512 1.85848
513 2.15669
514 1.77404
515 1.86248
516 1.65612
517 1.78302
518 1.71431
519 1.4521
520 1.55623
521 2.03888
522 2.15019
523 1.81047
524 1.75848
525 1.739
526 1.51642
527 1.56558
528 2.17354
529 1.4765
530 2.30638
531 1.79999
532 1.92624
533 2.056
534 1.42721
535 1.45529
536 1.44649
537 1.53511
538 2.051
539 1.6194
540 1.64961
541 1.4016
542 1.5948
543 1.16155
544 1.16163
545 0.925598
546 1.53793
547 1.29268
548 1.14863
549 0.66151
550 1.12763
551 1.06568
552 1.04369
553 0.608151
554 1.19814
555 1.12046
556 0.666406
557 1.03945
558 0.0211852
559 0.189952
560 0.885356
561 0.720837
562 0.411445
563 0.265584
564 0.267434
565 0.369854
566 0.29649
567 0.337614
568 0.580177
569 0.0774867
570 -0.255171
571 0.0782428
572 0.390747
573 0.316811
574 0.28456
575 -0.333468
576 0.427472
577 0.0796997
578 0.289538
579 -0.0197936
580 0.219469
581 -0.0303296
582 -0.327573
583 -0.0367678
584 0.350643
585 -0.284937
586 -0.00150409
587 0.000524893
588 0.80475
589 0.134517
590 0.36748
591 0.926605
592 0.148441
593 0.125472
594 0.588854
595 0.85912
596 0.981427
597 0.410411
598 0.756721
599 1.15233
600 1.10505
601 1.14073
602 0.887275
603 1.16547
604 1.13555
605 0.853546
606 1.51274
607 1.23814
608 1.5981
609 1.45227
610 1.84894
611 1.4243
612 2.00044
613 2.06738
614 1.89693
615 1.81989
616 2.20683
617 2.27174
618 2.1452
619 2.28158
620 1.61844
621 1.66423
622 2.29653
623 1.7897
624 1.74493
625 1.77123
626 2.46376
627 2.46915
628 1.85132
629 1.81638
630 2.14321
631 2.40387
632 2.33057
633 2.33042
634 1.79651
635 1.62163
636 2.26916
637 1.32578
638 1.80953
639 1.75242
640 1.60105
641 1.42197
642 1.88363
643 1.25495
644 1.09268
645 1.33732
646 1.58874
647 0.774444
648 1.04907
649 1.14321
650 1.43887
651 1.02833
652 1.15074
653 1.06573
654 1.14002
655 0.213956
656 0.156215
657 0.928658
658 1.01825
659 0.357541
660 0.114442
661 0.554733
662 0.18291
663 -0.101007
664 0.375748
665 0.510621
666 0.0962374
667 0.268595
668 0.511617
669 -0.364239
670 -0.191162
671 -0.0388812
672 -0.0306168
673 -0.330348
674 0.260835
675 0.176221
676 0.192034
677 0.106783
678 0.280986
679 -0.354791
680 -0.271748
681 0.272354
682 0.30008
683 0.579061
684 0.110903
685 0.284589
686 0.707818
687 0.250593
688 0.263487
689 0.8409
690 0.785136
691 0.614426
692 0.68872
693 0.314591
694 0.910083
695 0.507711
696 0.311313
697 0.531387
698 1.33629
699 1.41365
700 0.784302
701 0.784307
702 1.03148
703 1.42335
704 1.13197
705 0.974021
706 1.28032
707 0.999124
708 1.74566
709 1.21129
710 1.27492
711 2.08064
712 2.06215
713 2.12102
714 2.1691
715 1.64186
716 1.82999
717 2.25323
718 2.21724
719 2.36348
720 2.30632
721 2.15392
722 2.06626
723 2.01786
724 2.42375
725 1.86219
726 2.34051
727 2.47785
728 2.06325
729 2.2727
730 2.41324
731 2.29506
732 1.43047
733 1.74465
734 1.94559
735 1.71795
736 1.80387
737 1.24243
738 1.66684
739 1.43469
740 1.27673
741 1.70527
742 1.22224
743 0.99233
744 1.42962
745 0.948102
746 1.14809
747 0.734549
748 0.64135
749 0.774601
750 1.48088
751 1.30849
752 1.27182
753 0.877466
754 0.648332
755 1.01385
756 1.05891
757 0.313723
758 0.826848
759 0.47217
760 -0.0441695
761 0.63336
762 0.188723
763 -0.159714
764 -0.131395
765 0.665508
766 0.133857
767 0.296157
768 0.583153
769 0.530691
770 0.518664
771 -0.291673
772 0.14761
773 -0.281914
774 -0.254577
775 -0.308615
776 -0.148752
777 0.150721
778 -0.243746
779 -0.103304
780 0.403577
781 -0.210369
782 -0.16828
783 0.375467
784 0.439916
785 0.324541
786 0.30412
787 0.482298
788 0.688502
789 0.245802
790 0.131468
791 0.880829
792 0.172248
793 0.666736
794 1.11778
795 0.484095
796 0.818344
797 0.776701
798 1.34024
799 0.992218
800 0.924546
801 1.49808
802 1.35725
803 0.741823
804 0.894178
805 1.78438
806 1.11395
807 1.42054
808 1.59996
809 1.5202
810 1.94783
811 1.61027
812 1.88833
813 1.32557
814 1.49514
815 1.79705
816 2.07449
817 2.17557
818 1.60414
819 2.033
820 1.63356
821 1.88716
822 2.00218
823 1.82863
824 1.50913
825 2.0058
826 2.12766
827 2.07026
828 2.45218
829 2.0638
830 1.58422
831 1.82423
832 1.93535
833 2.2414
834 1.79324
835 1.98504
836 2.11099
837 1.92372
838 1.35534
839 1.59611
840 1.26692
841 1.06668
842 1.91329
843 1.8087
844 0.995584
845 0.965186
846 1.11965
847 1.54501
848 1.58077
849 1.13307
850 0.960856
851 0.575151
852 1.36352
853 1.29337
854 0.725764
855 1.19094
856 0.618425
857 0.17831
858 0.596342
859 0.420617
860 0.611519
861 0.573834
862 0.666347
863 0.000849847
864 0.305833
865 -0.00922079
866 0.561503
867 0.0405047
868 0.589708
869 -0.353161
870 0.424433
871 -0.294929
872 -0.374831
873 0.314902
874 -0.441462
875 -0.265097
876 0.465147
877 -0.0646002
878 -0.389768
879 0.450016
880 0.546722
881 0.123586
882 -0.348299
883 0.610311
884 0.189768
885 0.221952
886 0.716044
887 -0.208335
888 0.450499
889 0.427217
890 0.389281
891 0.298513
892 0.294136
893 0.402172
894 0.696025
895 1.04321
896 0.87905
897 0.782593
898 0.6437
899 1.05948
900 1.04659
901 0.707309
902 1.42125
903 1.34142
904 1.70022
905 1.6615
906 1.75707
907 1.84049
908 1.26176
909 2.01729
910 1.9211
911 1.41521
912 1.71938
913 2.11882
914 1.53492
915 1.37795
916 1.76515
917 1.62728
918 1.49441
919 1.48566
920 2.26668
921 2.03524
922 1.87252
923 1.58364
924 2.39265
925 2.4544
926 2.4418
927 2.01449
928 1.90667
929 1.6814
930 1.59572
931 2.40076
932 1.76218
933 2.3169
934 1.96936
935 1.61792
936 2.06361
937 1.74296
938 1.40817
939 1.21053
940 1.58326
941 1.09277
942 1.33266
943 0.956093
944 1.81493
945 1.42434
946 0.847949
947 1.05501
948 1.49164
949 0.751636
950 0.923519
951 1.11914
952 1.13017
953 1.12637
954 1.02478
955 0.841113
956 0.900027
957 0.791456
958 0.19075
959 0.156706
960 0.842263
961 0.179734
962 -0.0210366
963 0.0584235
964 -0.0127689
965 0.479522
966 0.251953
967 -0.325479
968 -0.102305
969 0.390114
970 -0.327134
971 0.329396
972 0.394535
973 -0.0173021
974 0.330253
975 0.323609
976 -0.407908
977 0.435409
978 -0.29106
979 0.487824
980 -0.334702
981 0.184955
982 0.233501
983 0.495541
984 0.0841441
985 0.102762
986 0.251451
987 -0.0323589
988 -0.0555458
989 0.557031
990 0.301345
991 0.0232114
992 0.0298476
993 0.626851
994 0.478296
995 0.46032
996 0.592471
997 1.25531
998 0.694824
999 1.08089
1000 1.26258
1001 1.00687
1002 1.06699
1003 1.32678
1004 1.66758
1005 1.07895
1006 1.33114
1007 0.934788
1008 1.17921
1009 1.69007
1010 2.05321
1011 1.45124
1012 1.45353
1013 1.83272
1014 1.45619
1015 2.00648
1016 1.35987
1017 2.08396
1018 2.29891
1019 1.57433
1020 1.85317
1021 1.75181
1022 1.6859
1023 1.90585
0 1.33587
1 1.11283
2 1.30841
3 0.864424
4 1.24144
5 0.812269
6 1.68886
7 1.18112
8 1.42909
9 1.29823
10 1.98254
11 1.50367
12 1.71689
13 1.58675
14 1.64578
15 2.03883
16 1.35636
17 1.717
18 1.44847
19 1.7108
20 2.39551
21 1.69791
22 2.46078
23 2.45212
24 2.43501
25 2.37258
26 1.6026
27 1.83121
28 1.63809
29 1.77676
30 2.20389
31 2.42145
32 2.26305
33 1.81222
34 1.51304
35 1.65999
36 1.70968
37 2.21842
38 1.79087
39 2.02393
40 1.33963
41 1.53691
42 1.2345
43 1.70997
44 1.72699
45 1.43703
46 1.26269
47 1.55828
48 1.59404
49 1.12043
50 0.651918
51 1.35037
52 1.16164
53 0.443028
54 1.12448
55 0.914933
56 0.134862
57 1.05196
58 0.0812957
59 0.122963
60 0.198138
61 0.678458
62 -0.0340848
63 -0.0848202
64 -0.018718
65 0.01016
66 0.150797
67 0.314654
68 -0.0962031
69 -0.32833
70 0.126411
71 0.0918861
72 0.120238
73 0.338101
74 -0.153369
75 -0.0386136
76 -0.0398005
77 0.366545
78 -0.150006
79 -0.0416534
80 -0.0347536
81 0.0544223
82 -0.0647362
83 -0.173035
84 0.270279
85 -0.0957563
86 0.656707
87 0.388624
88 0.00645398
89 0.852845
90 0.688596
91 0.441096
92 0.824396
93 1.00106
94 0.752946
95 0.248927
96 0.49733
97 0.428814
98 1.12357
99 0.991852
100 0.717641
101 0.889162
102 0.740445
103 1.50755
104 0.905277
105 1.26879
106 1.14968
107 1.54059
108 1.30018
109 1.64966
110 1.12953
111 1.87216
112 1.28258
113 1.6108
114 2.20852
115 2.02166
116 1.93942
117 2.24153
118 1.73506
119 2.21588
120 2.30655
121 1.5752
122 1.74531
123 2.15376
124 1.53149
125 2.3841
126 2.21762
127 1.7716
128 1.48258
129 1.93708
130 2.28518
131 1.64771
132 2.1997
133 2.32555
134 1.38243
135 2.26048
136 1.67953
137 1.54863
138 1.75082
139 1.86487
140 2.02128
141 1.64385
142 1.44393
143 0.957308
144 1.85798
145 1.2092
146 1.49286
147 1.27233
148 0.890742
149 0.637197
150 0.871052
151 0.558114
152 0.555692
153 0.946694
154 1.03386
155 0.40547
156 0.650046
157 0.576362
158 0.512216
159 0.482636
160 0.882853
161 0.190673
162 0.55185
163 0.53654
164 0.00682336
165 0.465482
166 0.372638
167 0.310041
168 -0.310672
169 -0.146538
170 -0.0372681
171 -0.440936
172 0.408969
173 0.383848
174 -0.438853
175 0.381109
176 -0.221884
177 0.311228
178 -0.0162282
179 0.0729652
180 0.42669
181 0.407332
182 0.257623
183 -0.317537
184 0.126854
185 0.135981
186 0.00274088
187 0.760382
188 0.76259
189 0.629798
190 0.420026
191 0.881947
192 0.113563
193 0.318427
194 0.815156
195 0.563634
196 0.270014
197 0.712864
198 0.433664
199 0.550067
200 1.18348
201 1.03558
202 0.765838
203 1.26212
204 1.09744
205 1.00869
206 1.32397
207 1.55067
208 0.984774
209 1.95773
210 1.25422
211 2.01819
212 1.94356
213 2.05786
214 2.21005
215 1.53922
216 1.61822
217 1.5891
218 1.62438
219 1.65081
220 2.43108
221 2.19595
222 1.62109
223 1.56745
224 2.4696
225 2.32209
226 1.94602
227 2.4824
228 1.70463
229 1.97558
230 1.5542
231 2.3356
232 2.38461
233 1.61996
234 1.8249
235 1.63755
236 1.71384
237 2.16539
238 2.13797
239 1.58378
240 1.94611
241 1.1557
242 1.30888
243 1.54313
244 1.81689
245 1.07568
246 1.59624
247 0.910036
248 1.1048
249 0.629895
250 0.943686
251 0.896694
252 1.16914
253 0.895113
254 0.786134
255 0.95703
256 0.53646
257 1.05704
258 0.774574
259 0.591097
260 0.402024
261 0.722045
262 0.348201
263 0.240621
264 -0.167396
265 -0.295703
266 0.453793
267 0.170139
268 0.544903
269 0.321768
270 0.541741
271 0.339473
272 0.389123
273 -0.172195
274 -0.0726262
275 0.320168
276 0.0885558
277 -0.219167
278 -0.439468
279 -0.40254
280 -0.111009
281 0.0567245
282 0.120696
283 -0.241791
284 -0.275337
285 -0.248674
286 0.630045
287 0.244603
288 -0.141391
289 0.519458
290 0.012707
291 0.497135
292 0.534595
293 0.707458
294 0.134425
295 0.810446
296 0.89786
297 1.11329
298 0.540574
299 1.03349
300 1.05221
301 0.721494
302 1.02967
303 1.111
304 1.22731
305 1.63875
306 1.11191
307 0.990984
308 1.08444
309 1.32243
310 1.21903
311 1.58015
312 1.95766
313 1.88574
314 1.84776
315 2.15112
316 2.06145
317 1.85412
318 1.72051
319 2.19006
320 1.58575
321 1.88476
322 1.77553
323 2.14316
324 1.54744
325 1.7958
326 1.76854
327 2.18809
328 1.57876
329 1.90501
330 1.74331
331 2.07846
332 1.99996
333 2.0729
334 1.41664
335 1.38278
336 1.79684
337 1.54507
338 1.32352
339 1.76644
340 1.6905
341 1.30605
342 1.0535
343 1.30161
344 1.79513
345 1.45802
346 0.966627
347 1.33151
348 0.752147
349 1.09641
350 0.904405
351 0.698721
352 1.32446
353 1.01027
354 1.16387
355 1.1902
356 1.12533
357 0.257297
358 0.71343
359 0.0540949
360 0.531717
361 0.850012
362 0.554059
363 -0.0143337
364 0.413512
365 0.501898
366 -0.0559344
367 -0.165955
368 -0.277812
369 -0.00241602
370 0.388306
371 0.261143
372 0.215292
373 0.418993
374 -0.392476
375 0.124576
376 0.0620776
377 -0.168632
378 -0.213593
379 0.21833
380 0.406039
381 0.243318
382 0.543592
383 0.430578
384 0.0264128
385 0.551957
386 0.535579
387 0.135218
388 -0.140503
389 0.363847
390 0.366319
391 0.627715
392 0.506949
393 0.266927
394 1.01005
395 0.363707
396 0.254928
397 0.479183
398 0.75774
399 0.56784
400 1.09392
401 0.785225
402 1.48569
403 0.978882
404 0.882231
405 1.77492
406 1.7842
407 1.61943
408 1.27114
409 1.2206
410 1.46835
411 1.28391
412 2.04242
413 1.55795
414 2.22389
415 1.53763
416 1.53429
417 2.13578
418 1.99763
419 1.66379
420 1.7118
421 1.5155
422 2.37984
423 2.24157
424 1.73765
425 2.27574
426 2.42021
427 1.73536
428 2.42459
429 1.77385
430 1.82494
431 1.96601
432 1.93253
433 1.61055
434 2.17207
435 1.97027
436 1.47067
437 1.97279
438 1.53945
439 1.62698
440 2.01639
441 1.7713
442 1.6178
443 1.71225
444 0.932582
445 1.39844
446 0.763781
447 0.941801
448 0.974231
449 1.17069
450 0.988431
451 1.04686
452 1.02948
453 0.698607
454 0.610412
455 1.08542
456 0.293599
457 0.355506
458 0.155931
459 0.068201
460 0.498762
461 0.374144
462 0.455712
463 -0.11472
464 0.475298
465 0.15898
466 0.431168
467 0.569659
468 -0.193011
469 -0.299382
470 -0.0155418
471 -0.328171
472 0.383572
473 -0.420561
474 0.428854
475 0.43031
476 0.162945
477 0.449851
478 -0.297564
479 -0.458721
480 0.0987995
481 0.243371
482 0.214675
483 -0.171646
484 -0.285199
485 0.66958
486 -0.171422
487 -0.00812259
488 0.0753284
489 0.0993461
490 0.237083
491 0.81059
492 0.766579
493 1.03934
494 1.09254
495 0.685123
496 0.684425
497 1.04877
498 0.81477
499 1.08214
500 1.36655
501 1.43841
502 1.41067
503 1.41979
504 1.69586
505 1.52124
506 1.53084
507 1.53392
508 1.63594
509 1.88327
510 1.70579
511 1.34147
512 1.70514
513 1.46648
514 1.67922
515 1.88874
516 1.56044
517 1.88411
518 2.2054
519 1.90577
520 2.19564
521 1.59403
522 1.8047
523 1.98504
524 1.5886
525 1.78309
526 2.4851
527 2.01581
528 1.50153
529 1.89576
530 1.61969
531 2.31558
532 1.70763
533 2.33029
534 1.96254
535 1.559
536 1.93672
537 1.5099
538 2.04268
539 1.45783
540 1.21616
541 1.51197
542 1.50621
543 1.57475
544 1.58178
545 1.74218
546 0.977388
547 1.61715
548 1.06631
549 0.592065
550 0.90577
551 0.622771
552 0.52939
553 1.04081
554 0.929795
555 0.436283
556 0.143149
557 0.739774
558 0.787244
559 -0.00530868
560 0.00494592
561 0.800207
562 0.731768
563 0.166562
564 0.621096
565 0.225505
566 0.301178
567 0.181506
568 0.410621
569 0.0738508
570 0.427152
571 0.475236
572 0.497473
573 -0.0894614
574 0.0947558
575 0.193409
576 -0.162214
577 0.329357
578 0.140886
579 0.308198
580 0.399681
581 -0.400842
582 0.557507
583 -0.370855
584 0.412786
585 0.331794
586 -0.0197694
587 0.539411
588 0.12181
589 -0.11769
590 0.711106
591 0.363254
592 0.975605
593 0.78942
594 0.926482
595 1.03995
596 0.501026
597 0.752726
598 0.781438
599 0.50237
600 1.44373
601 0.847767
602 0.634311
603 1.61087
604 1.43632
605 1.41078
606 1.48502
607 0.949222
608 1.40499
609 1.2759
610 1.88801
611 1.4114
612 1.45356
613 1.99153
614 1.54994
615 1.33515
616 1.74771
617 1.90649
618 2.19935
619 2.13952
620 2.00098
621 2.062
622 1.59112
623 1.9994
624 1.80665
625 2.40345
626 1.85429
627 2.05047
628 1.82585
629 2.23162
630 2.07458
631 1.71708
632 1.45285
633 2.00881
634 1.55513
635 2.04468
636 1.50479
637 2.05668
638 1.94366
639 1.79494
640 1.15558
641 1.59518
642 1.91325
643 1.2626
644 1.19004
645 1.01995
646 1.11165
647 1.41269
648 1.36646
649 0.720269
650 0.935055
651 0.728256
652 1.12556
653 0.85651
654 1.04965
655 0.250507
656 0.579216
657 0.228817
658 0.63612
659 0.755077
660 0.829849
661 0.103967
662 -0.106341
663 0.736687
664 0.603381
665 -0.0200101
666 0.356986
667 -0.268142
668 -0.288113
669 0.0306451
670 0.31462
671 -0.28408
672 -0.462525
673 0.205053
674 0.023285
675 -0.158327
676 0.410068
677 0.392143
678 -0.415318
679 0.180623
680 -0.409331
681 0.0722383
682 0.535416
683 0.416307
684 -0.298432
685 0.429553
686 0.581615
687 0.264258
688 0.708611
689 0.332569
690 0.196337
691 0.774957
692 0.729623
693 0.436542
694 0.908308
695 0.776248
696 0.902632
697 0.79036
698 1.06809
699 1.20524
700 1.43816
701 1.02189
702 1.57787
703 1.6453
704 0.904955
705 1.28286
706 1.16772
707 0.99014
708 1.33986
709 1.40239
710 1.80136
711 1.53726
712 2.05313
713 1.88279
714 1.46297
715 2.2235
716 1.73672
717 1.42089
718 1.81255
719 1.71534
720 1.96565
721 2.16043
722 1.57864
723 1.71809
724 1.55221
725 2.3728
726 2.30928
727 2.19763
728 1.83284
729 1.97327
730 1.92462
731 1.7185
732 2.36862
733 1.80241
734 1.59098
735 1.42909
736 2.17047
737 1.77522
738 1.36899
739 1.3955
740 2.00061
741 1.93385
742 1.63967
743 1.7072
744 1.41997
745 1.65939
746 1.4446
747 1.63163
748 1.5203
749 0.666427
750 0.729811
751 0.84677
752 1.17016
753 0.638785
754 0.886848
755 1.04066
756 0.330837
757 0.521008
758 0.573434
759 0.513681
760 0.863686
761 -0.108681
762 0.653674
763 0.686295
764 0.184328
765 -0.224153
766 -0.308999
767 -0.0215139
768 0.226282
769 -0.210013
770 0.161801
771 0.0753431
772 -0.364512
773 -0.221352
774 -0.172692
775 0.169611
776 -0.3769
777 -0.47088
778 0.131559
779 -0.4525
780 -0.326196
781 0.413869
782 0.0208055
783 0.544033
784 -0.174528
785 -0.247858
786 0.49949
787 0.139782
788 0.323389
789 0.187757
790 0.830463
791 0.423571
792 0.372161
793 0.830683
794 0.506529
795 0.999731
796 1.09263
797 0.722596
798 0.538203
799 0.909633
800 1.12974
801 1.33918
802 0.641681
803 1.43489
804 0.795842
805 1.1507
806 1.28525
807 1.09406
808 1.34467
809 1.0668
810 1.27215
811 1.62521
812 2.05917
813 1.83897
814 1.67864
815 1.35345
816 2.0155
817 1.55445
818 1.81802
819 1.60889
820 1.95439
821 1.80003
822 2.12081
823 2.34937
824 1.58595
825 1.51319
826 2.16404
827 2.42137
828 1.90547
829 2.29815
830 1.85275
831 1.4827
832 2.0108
833 1.79436
834 2.14478
835 1.96215
836 2.03026
837 1.44655
838 2.00597
839 1.2601
840 1.33635
841 1.04163
842 1.59222
843 1.04898
844 1.48394
845 0.82762
846 0.916321
847 0.974371
848 0.822083
849 1.14362
850 0.96611
851 1.13729
852 1.28694
853 0.417255
854 0.808654
855 0.191179
856 0.249702
857 0.297581
858 0.947693
859 0.505176
860 -0.0348623
861 0.193707
862 0.409378
863 0.429917
864 0.47866
865 0.0853519
866 -0.0323183
867 0.1326
868 0.207117
869 -0.296354
870 0.180513
871 0.391915
872 -0.343077
873 -0.250092
874 0.485655
875 0.25501
876 -0.237413
877 -0.340814
878 -0.440301
879 -0.0112321
880 0.281056
881 0.0783067
882 -0.247404
883 0.268068
884 0.268379
885 0.405738
886 0.374045
887 0.501552
888 0.753556
889 0.436569
890 0.183727
891 0.955189
892 0.92336
893 0.939649
894 0.781768
895 0.845261
896 0.5111
897 1.27451
898 0.537846
899 1.30894
900 0.595314
901 1.35754
902 1.35756
903 0.921903
904 0.785457
905 1.52492
906 1.85766
907 1.22316
908 1.84896
909 1.06735
910 1.84252
911 1.73675
912 1.72416
913 2.14114
914 1.51422
915 1.46134
916 1.97126
917 2.26458
918 2.28768
919 1.99482
920 1.91334
921 1.62296
922 2.03836
923 1.85952
924 1.51785
925 1.70598
926 1.51972
927 1.77174
928 1.65017
929 1.65347
930 1.60242
931 1.69299
932 2.38448
933 2.25991
934 1.84208
935 1.32545
936 1.87004
937 1.71626
938 1.49837
939 1.60417
940 1.60662
941 1.1044
942 1.04783
943 0.984231
944 1.84887
945 1.11881
946 0.959475
947 1.29507
948 0.823412
949 0.656438
950 0.672733
951 1.09757
952 0.622698
953 1.04143
954 0.279079
955 0.458836
956 1.06666
957 0.123685
958 0.565722
959 0.0668405
960 0.146565
961 0.561414
962 0.181329
963 -0.0149765
964 0.311923
965 0.554601
966 -0.113916
967 -0.194357
968 -0.0539236
969 0.114448
970 0.197627
971 0.401138
972 0.130496
973 0.222637
974 0.430133
975 0.0935176
976 -0.473492
977 -0.353184
978 -0.281099
979 -0.245984
980 -0.218493
981 -0.0558701
982 0.478119
983 0.104274
984 -0.241629
985 0.601684
986 0.477906
987 -0.191499
988 0.775605
989 0.158458
990 0.0523391
991 0.158663
992 1.01296
993 0.58021
994 0.540348
995 0.768119
996 0.620909
997 0.951496
998 1.13375
999 1.15771
1000 0.683097
1001 0.970549
1002 1.21555
1003 1.48326
1004 0.871198
1005 1.32739
1006 1.25752
1007 1.07282
1008 1.63906
1009 1.62641
1010 1.45743
1011 2.0273
1012 2.14905
1013 1.48157
1014 1.64098
1015 1.37622
1016 1.50764
1017 1.4952
1018 1.50952
1019 1.55325
1020 1.86585
1021 1.71341
1022 1.80027
1023 1.90163
0 1.25083
1 1.28926
2 1.612
3 0.807823
4 1.11405
5 1.55477
6 1.70908
7 1.47424
8 1.13528
9 1.46701
10 1.43214
11 1.41347
12 2.13411
13 1.96273
14 1.69362
15 1.9159
16 1.66869
17 2.16907
18 1.9016
19 1.71865
20 1.49643
21 2.33583
22 1.83838
23 1.70081
24 2.48418
25 1.96078
26 1.8302
27 1.89306
28 2.1879
29 2.11874
30 2.26151
31 1.88622
32 1.78145
33 2.17343
34 1.92121
35 2.051
36 1.81339
37 1.6468
38 1.47499
39 1.83382
40 1.9368
41 1.67063
42 1.9542
43 1.72436
44 1.23669
45 1.20457
46 1.15416
47 1.38031
48 0.813649
49 1.46503
50 1.4818
51 0.6709
52 1.14416
53 0.650509
54 0.693695
55 0.946622
56 0.930549
57 0.84878
58 0.174828
59 0.468457
60 0.33693
61 0.829613
62 0.776178
63 0.572368
64 0.493643
65 0.228591
66 0.198987
67 -0.0692772
68 0.550616
69 0.403982
70 -0.447627
71 0.335875
72 -0.0137297
73 0.483762
74 0.105013
75 0.337122
76 -0.126598
77 -0.483607
78 0.0477622
79 0.0911612
80 0.459694
81 0.0820738
82 0.388607
83 0.303933
84 0.505412
85 -0.0731991
86 0.165365
87 0.419444
88 -0.174171
89 0.455034
90 0.0649105
91 0.399263
92 0.577741
93 0.187641
94 0.368302
95 0.514633
96 0.902338
97 1.09236
98 1.00535
99 1.04368
100 1.1135
101 1.1969
102 1.03626
103 0.769437
104 1.35868
105 0.822985
106 1.7873
107 1.90719
108 1.00423
109 1.48505
110 1.62894
111 2.07065
112 2.14562
113 1.56356
114 1.88398
115 2.11984
116 1.91474
117 1.42565
118 1.86406
119 2.01057
120 2.09286
121 2.08051
122 1.49817
123 1.69342
124 2.22338
125 1.75231
126 2.02298
127 1.86849
128 1.51434
129 1.62422
130 2.43391
131 2.07533
132 2.19457
133 1.77009
134 2.07194
135 1.70875
136 1.67827
137 1.87576
138 1.56569
139 1.56765
140 1.1838
141 1.95813
142 1.34521
143 0.982874
144 1.12503
145 1.78594
146 1.6166
147 1.5147
148 0.651606
149 0.889937
150 0.908106
151 1.10529
152 1.31374
153 0.736606
154 1.12069
155 0.855409
156 0.808172
157 0.468554
158 0.0590521
159 0.67252
160 0.462182
161 -0.113767
162 0.169349
163 0.110742
164 0.146925
165 -0.227514
166 0.395112
167 0.448882
168 0.323461
169 -0.309191
170 -0.19564
171 0.355718
172 -0.439396
173 0.126758
174 0.383367
175 -0.200209
176 0.0977691
177 0.257191
178 -0.355183
179 0.153483
180 -0.374607
181 0.105431
182 -0.114685
183 -0.360784
184 0.614865
185 -0.149498
186 0.409433
187 0.406518
188 0.369303
189 0.583325
190 0.256046
191 0.0679882
192 0.762651
193 0.771947
194 0.575399
195 0.352825
196 1.03054
197 0.495581
198 1.3617
199 0.944724
200 0.803547
201 0.805237
202 0.957149
203 1.03382
204 1.61001
205 1.02223
206 1.51435
207 1.38289
208 1.94427
209 1.80916
210 1.16697
211 1.17639
212 1.49309
213 1.59829
214 1.325
215 1.57675
216 1.87317
217 2.11074
218 2.30805
219 1.51247
220 1.90625
221 1.71564
222 1.6688
223 1.69171
224 2.44281
225 2.13004
226 1.85947
227 2.21613
228 2.29529
229 1.81706
230 1.68259
231 1.54633
232 1.99575
233 1.93966
234 1.80732
235 1.76126
236 2.04708
237 1.3382
238 2.09391
239 1.87651
240 1.97035
241 2.02437
242 1.75981
243 1.11689
244 1.226
245 1.64156
246 1.20754
247 1.5741
248 1.19232
249 0.924864
250 1.46942
251 0.459382
252 0.983801
253 0.468554
254 0.473079
255 0.744905
256 0.917852
257 0.657431
258 0.296186
259 0.563156
260 0.843898
261 0.372051
262 0.530991
263 0.293637
264 -0.197684
265 -0.130484
266 0.630522
267 0.473088
268 -0.117069
269 0.454433
270 0.137421
271 -0.298264
272 0.390466
273 -0.125588
274 -0.136603
275 -0.269377
276 -0.298959
277 0.328151
278 -0.364948
279 0.297463
280 -0.268721
281 -0.343022
282 0.383388
283 0.415159
284 -0.101643
285 -0.299037
286 0.0748709
287 -0.200311
288 0.408639
289 0.485897
290 0.539852
291 0.489039
292 0.15104
293 0.417393
294 0.179345
295 0.396603
296 0.773013
297 0.334935
298 0.429679
299 1.24667
300 1.40653
301 1.20628
302 1.60511
303 1.46666
304 0.758705
305 1.15022
306 0.878025
307 1.13486
308 1.14322
309 1.16307
310 2.06292
311 1.48123
312 1.39854
313 1.99232
314 1.40579
315 1.7657
316 2.11766
317 1.85697
318 1.89017
319 1.7963
320 1.55504
321 1.58157
322 2.37368
323 1.7289
324 1.95419
325 2.43886
326 1.94043
327 2.46999
328 2.44347
329 1.96601
330 2.23839
331 2.29749
332 1.54574
333 2.14343
334 1.99132
335 1.45995
336 1.37884
337 1.88587
338 1.54457
339 1.40722
340 1.87193
341 1.37098
342 1.59536
343 1.92393
344 0.966633
345 1.5579
346 1.20352
347 1.55922
348 0.854877
349 1.50297
350 0.738361
351 0.77074
352 0.427835
353 0.442369
354 0.821623
355 0.700316
356 0.200488
357 0.0869394
358 0.50545
359 -0.00603079
360 0.422355
361 0.137114
362 0.712961
363 0.422086
364 -0.22886
365 0.235484
366 0.457659
367 -0.226333
368 -0.203428
369 -0.267771
370 -0.0312912
371 0.516957
372 0.0148709
373 -0.458749
374 0.485655
375 0.095661
376 0.284214
377 -0.0536053
378 -0.0147915
379 -0.456804
380 -0.0723718
381 0.276074
382 -0.0595227
383 0.0555413
384 0.491268
385 0.606595
386 0.670662
387 0.675235
388 0.743779
389 0.29095
390 0.84621
391 0.402635
392 0.721153
393 0.90572
394 0.221388
395 0.93554
396 0.627307
397 1.20411
398 1.26919
399 1.0146
400 0.553499
401 0.877082
402 1.18827
403 1.23804
404 1.09635
405 1.35563
406 1.01444
407 1.05568
408 1.96688
409 1.64964
410 1.22946
411 1.50124
412 1.50422
413 1.71596
414 2.06618
415 1.46428
416 1.74693
417 2.11315
418 1.4643
419 1.76071
420 1.61628
421 2.46206
422 2.25169
423 2.36025
424 2.32301
425 2.35892
426 2.11072
427 1.6931
428 2.23271
429 1.97581
430 2.22944
431 2.2337
432 2.22635
433 1.71763
434 1.69892
435 1.47821
436 2.15846
437 1.72988
438 1.48364
439 2.0105
440 1.20252
441 1.47661
442 1.21864
443 1.36018
444 1.79589
445 0.841571
446 1.33837
447 1.01776
448 1.39473
449 1.21195
450 1.16131
451 1.37183
452 1.0173
453 0.74333
454 1.05406
455 0.658597
456 0.421505
457 0.489669
458 0.686843
459 0.00422088
460 0.834891
461 0.309554
462 0.659424
463 0.515232
464 0.517784
465 -0.110462
466 0.569059
467 0.299928
468 0.294636
469 -0.2173
470 0.0982454
471 0.345607
472 0.170962
473 0.294069
474 -0.249438
475 0.0810122
476 0.320704
477 0.346144
478 0.429094
479 0.11954
480 0.0363505
481 0.142908
482 0.117909
483 -0.246274
484 -0.340939
485 0.016466
486 0.327127
487 0.0640426
488 0.556378
489 0.128806
490 0.245268
491 0.627769
492 0.731449
493 0.251239
494 0.539668
495 0.692479
496 0.62688
497 0.633795
498 0.552395
499 0.51224
500 1.03365
501 1.28982
502 1.51455
503 0.874279
504 1.2619
505 0.946824
506 1.63603
507 1.25772
508 1.95782
509 1.71512
510 2.00785
511 1.6009
512 1.43653
513 1.67178
514 1.86403
515 1.56439
516 2.11262
517 1.56747
518 1.95322
519 1.939
520 1.90845
521 2.35003
522 1.65512
523 1.66272
524 1.5565
525 2.08063
526 2.17013
527 1.92617
528 2.3841
529 2.31843
530 1.96015
531 1.86525
532 1.98171
533 1.77462
534 1.9667
535 1.39911
536 1.80664
537 1.61926
538 1.60659
539 1.64963
540 1.15738
541 1.37795
542 1.95744
543 1.24736
544 1.65306
545 1.37822
546 1.32564
547 1.24061
548 1.3857
549 0.688137
550 0.562461
551 0.654976
552 0.381464
553 0.547909
554 0.639682
555 0.256255
556 0.947794
557 0.1347
558 0.51757
559 0.681901
560 0.822535
561 -0.129013
562 -0.0313532
563 0.258227
564 0.13621
565 0.466546
566 0.23296
567 0.566543
568 -0.238978
569 0.569553
570 0.00399192
571 -0.23315
572 -0.140844
573 -0.0613853
574 0.0589747
575 -0.373631
576 0.501901
577 -0.358168
578 0.197305
579 0.291706
580 -0.191772
581 0.312269
582 0.573219
583 -0.110233
584 0.632999
585 0.0573927
586 0.0608246
587 0.564269
588 0.242334
589 0.69323
590 0.423174
591 0.301367
592 0.857305
593 0.738367
594 0.956259
595 0.43676
596 0.691015
597 0.714286
598 0.563289
599 1.04276
600 0.900994
601 1.20646
602 1.46632
603 1.42982
604 0.823087
605 1.207
606 1.73693
607 1.00011
608 1.51369
609 1.58423
610 1.9224
611 1.92864
612 1.475
613 2.04164
614 1.32781
615 1.5768
616 1.52341
617 1.76495
618 1.46585
619 2.03575
620 1.67036
621 2.04057
622 2.42546
623 1.55048
624 1.73417
625 2.26757
626 1.80218
627 2.16798
628 1.65153
629 1.96137
630 1.73248
631 2.00002
632 1.54129
633 1.49872
634 1.65702
635 1.51989
636 1.79092
637 1.41047
638 1.46975
639 1.18977
640 1.8177
641 1.15566
642 1.82532
643 0.946145
644 1.80063
645 1.70989
646 1.03684
647 0.798977
648 0.914853
649 0.91197
650 1.21757
651 0.946034
652 1.29584
653 0.973364
654 0.818505
655 0.348303
656 0.560187
657 0.945571
658 0.851426
659 0.561725
660 0.27635
661 -0.0228271
662 -0.0167526
663 0.271627
664 -0.0335094
665 0.171463
666 0.367134
667 0.381094
668 0.25715
669 0.566885
670 0.35868
671 -0.0767039
672 -0.365802
673 0.161183
674 -0.0857912
675 -0.451017
676 0.0561346
677 0.208262
678 -0.321719
679 0.375087
680 -0.40151
681 0.448352
682 -0.0523418
683 0.594404
684 0.194535
685 0.610654
686 -0.142492
687 0.738197
688 0.606465
689 0.823767
690 0.476924
691 0.119312
692 0.094027
693 0.806717
694 0.787603
695 0.503761
696 0.46428
697 0.679804
698 0.444842
699 1.31215
700 0.863843
701 1.4427
702 0.892153
703 1.16771
704 1.2819
705 1.48807
706 1.39743
707 1.01315
708 1.36119
709 1.72571
710 2.01883
711 1.56641
712 1.75256
713 1.5125
714 1.67021
715 1.4159
716 1.54754
717 1.90404
718 1.47888
719 2.42401
720 1.93999
721 2.10736
722 1.63166
723 2.05683
724 1.86931
725 2.30512
726 2.37553
727 2.07637
728 1.6546
729 2.41628
730 1.91027
731 1.96594
732 2.23244
733 2.10235
734 1.36083
735 1.66985
736 1.67562
737 1.77479
738 1.63275
739 1.92198
740 1.3235
741 1.41508
742 1.1953
743 1.72951
744 1.53092
745 1.42227
746 1.65931
747 1.55339
748 0.766319
749 1.54747
750 1.36024
751 1.06713
752 0.998118
753 0.322239
754 0.445947
755 1.18571
756 0.946611
757 0.146364
758 0.597233
759 0.951216
760 -0.067952
761 -0.099228
762 0.338656
763 0.618472
764 0.49372
765 0.230681
766 -0.136066
767 -0.206972
768 -0.319316
769 0.226683
770 0.502821
771 -0.147372
772 -0.446582
773 -0.324702
774 -0.373096
775 0.198489
776 0.282627
777 -0.456577
778 0.0822003
779 0.453044
780 -0.430854
781 -0.00505839
782 0.146706
783 0.267336
784 0.0899995
785 0.437142
786 0.367848
787 0.0200833
788 0.633745
789 0.0799142
790 0.1483
791 0.802289
792 0.273772
793 0.833501
794 0.817424
795 0.210735
796 0.550282
797 1.20642
798 0.563748
799 0.821688
800 1.05026
801 0.705746
802 1.33102
803 1.27335
804 1.05906
805 1.63964
806 1.15258
807 1.0168
808 1.84791
809 1.88477
810 1.10044
811 2.02379
812 1.45821
813 1.79316
814 1.80053
815 2.01702
816 1.65469
817 1.54469
818 2.36189
819 1.55844
820 1.83679
821 1.66174
822 2.44907
823 2.13338
824 2.45048
825 2.15235
826 2.15906
827 1.74355
828 2.02845
829 2.31871
830 2.08698
831 1.52621
832 2.39792
833 1.71793
834 2.02674
835 1.61249
836 1.44277
837 2.19585
838 1.57905
839 1.17585
840 1.90362
841 1.443
842 1.90655
843 1.01529
844 1.83949
845 1.26384
846 1.54621
847 0.969116
848 1.24854
849 1.31737
850 0.910399
851 0.446151
852 1.32241
853 0.689806
854 0.90152
855 1.09118
856 0.161409
857 0.38546
858 0.169872
859 0.539868
860 0.073575
861 0.650122
862 0.487579
863 -0.0745214
864 -0.14135
865 0.045514
866 0.113583
867 -0.0748979
868 -0.0834276
869 0.422631
870 -0.111235
871 -0.331362
872 -0.222723
873 -0.227508
874 -0.27131
875 -0.269078
876 0.221386
877 -0.467894
878 0.0303557
879 -0.125977
880 0.327735
881 0.493252
882 -0.0532925
883 0.350217
884 -0.0441252
885 -0.307286
886 0.356192
887 0.100756
888 0.128412
889 0.640896
890 0.817623
891 0.438482
892 0.584102
893 0.651745
894 0.760623
895 0.885994
896 1.18336
897 0.39927
898 1.37108
899 0.690652
900 1.43905
901 0.899022
902 1.01599
903 0.885998
904 1.34953
905 1.42639
906 1.29766
907 1.24603
908 1.62335
909 1.97801
910 1.75065
911 1.55782
912 2.04977
913 1.24337
914 1.41744
915 1.47445
916 1.36047
917 2.14995
918 1.89999
919 1.75889
920 2.00303
921 1.86917
922 2.28572
923 1.60996
924 2.47615
925 1.93219
926 2.31089
927 2.4023
928 2.00115
929 2.27788
930 1.61469
931 1.8877
932 1.55036
933 1.93062
934 2.00089
935 2.05541
936 1.44221
937 1.31508
938 1.2512
939 1.95074
940 1.11609
941 1.76535
942 1.21547
943 1.81932
944 1.61206
945 1.18967
946 0.807664
947 1.44747
948 0.779638
949 1.11693
950 0.589205
951 1.14349
952 1.3294
953 1.20526
954 1.07543
955 1.12383
956 0.456709
957 0.711208
958 0.861277
959 0.807862
960 0.358491
961 -0.13076
962 0.117063
963 0.362838
964 0.290455
965 0.649143
966 -0.00614133
967 0.356353
968 -0.360567
969 -0.0249483
970 0.0949056
971 -0.396028
972 -0.347946
973 0.287556
974 0.468051
975 0.378266
976 -0.337714
977 -0.467077
978 0.156052
979 -0.15398
980 0.12811
981 0.297753
982 -0.383956
983 0.157576
984 0.275828
985 0.535964
986 0.196207
987 0.716007
988 0.297408
989 0.172314
990 0.700867
991 0.892393
992 0.334637
993 0.164472
994 0.651892
995 1.06833
996 0.299714
997 1.17081
998 0.984669
999 0.529867
1000 0.763019
1001 0.718751
1002 0.790542
1003 1.08474
1004 1.68432
1005 0.940304
1006 1.14375
1007 1.02172
1008 1.13808
1009 1.94979
1010 1.49834
1011 1.87292
1012 1.82605
1013 1.6604
1014 1.5399
1015 1.57068
1016 1.62075
1017 2.11243
1018 1.61148
1019 2.18816
1020 1.49693
1021 2.4639
1022 2.16891
1023 1.85439
0 0.585586
1 0.769442
2 0.86497
3 0.821383
4 0.81355
5 1.65867
6 1.0948
7 1.25367
8 0.987379
9 1.42772
10 1.81305
11 2.07869
12 1.70774
13 1.22987
14 1.30774
15 1.98855
16 2.25921
17 1.82409
18 1.81987
19 1.98617
20 2.33028
21 2.15302
22 2.30035
23 1.64777
24 1.91859
25 1.52473
26 2.41207
27 1.95855
28 1.50234
29 2.06925
30 2.27977
31 1.53541
32 2.21215
33 1.44466
34 1.58396
35 2.18119
36 2.18851
37 1.69528
38 1.38462
39 2.06105
40 1.94599
41 1.96116
42 1.84665
43 1.30718
44 1.79436
45 1.71113
46 0.809618
47 1.52849
48 0.975237
49 1.03876
50 0.897501
51 0.666338
52 0.535074
53 0.528186
54 0.636092
55 0.771954
56 0.372169
57 0.373047
58 0.065655
59 0.224515
60 0.811708
61 0.738697
62 0.181428
63 0.477842
64 0.673957
65 0.296594
66 0.23466
67 0.486165
68 -0.332908
69 0.349281
70 0.335041
71 0.461538
72 0.222103
73 0.158876
74 -0.186511
75 0.130622
76 0.0550811
77 -0.119672
78 -0.0105557
79 0.434428
80 0.397354
81 0.439455
82 -0.272688
83 -0.36749
84 -0.259529
85 0.207902
86 0.319274
87 0.0961225
88 0.631197
89 0.499771
90 0.497647
91 0.67941
92 0.531561
93 1.02563
94 0.553922
95 0.648768
96 0.808327
97 0.313653
98 0.694923
99 1.06614
100 1.28009
101 0.669144
102 1.18439
103 1.17186
104 1.50603
105 1.67959
106 0.983228
107 1.23623
108 1.22477
109 1.62266
110 1.30125
111 1.22885
112 1.64062
113 1.57457
114 1.37076
115 1.84988
116 2.20685
117 2.06634
118 2.27079
119 2.10804
120 1.77828
121 1.91998
122 1.87579
123 2.33266
124 1.90083
125 2.31555
126 1.79636
127 2.45193
128 2.29888
129 2.08717
130 2.03981
131 2.02646
132 2.12977
133 1.52412
134 1.4255
135 1.79131
136 1.2889
137 1.42524
138 1.97729
139 1.39883
140 1.87089
141 1.04203
142 1.33458
143 1.16496
144 1.21993
145 1.26209
146 1.52874
147 0.901715
148 0.768441
149 1.2088
150 1.3926
151 0.907545
152 0.472067
153 0.598728
154 0.562189
155 0.691184
156 0.233539
157 0.683429
158 0.478266
159 0.882427
160 0.14001
161 -0.0886489
162 0.330389
163 0.723768
164 -0.0739257
165 0.287086
166 0.0906951
167 -0.161334
168 0.387547
169 -0.202013
170 0.0253182
171 0.106898
172 -0.248319
173 0.337089
174 0.316631
175 0.0857761
176 -0.21575
177 0.102588
178 0.317821
179 -0.0432007
180 -0.210349
181 0.262932
182 0.490888
183 -0.0382018
184 0.634487
185 -0.102426
186 0.56779
187 -0.148492
188 0.63125
189 0.160897
190 0.910943
191 0.00776342
192 0.36534
193 0.587883
194 1.1282
195 0.734663
196 0.361074
197 0.743965
198 1.13332
199 1.33935
200 1.15911
201 0.797816
202 1.10295
203 1.58046
204 0.812919
205 1.10129
206 1.34698
207 1.27229
208 1.86873
209 1.31479
210 1.85967
211 1.26511
212 2.15622
213 1.89657
214 1.73631
215 2.2595
216 2.21853
217 1.6804
218 1.43579
219 2.11978
220 2.05348
221 1.49828
222 2.21588
223 2.44163
224 2.04139
225 2.22992
226 1.99123
227 2.14524
228 1.64356
229 1.72044
230 2.00632
231 2.25016
232 1.89171
233 1.40919
234 2.05779
235 1.86013
236 1.59568
237 1.42128
238 2.08217
239 1.34957
240 1.55906
241 1.70534
242 1.32159
243 1.36873
244 1.20525
245 1.61465
246 1.14213
247 0.898707
248 0.735063
249 0.9872
250 1.40133
251 1.14936
252 0.828774
253 0.947536
254 0.912979
255 1.18845
256 0.496712
257 0.229089
258 0.668843
259 0.490277
260 0.318936
261 0.0684398
262 0.161936
263 0.664634
264 -0.0317633
265 -0.249076
266 0.100387
267 0.187607
268 -0.152573
269 -0.08744
270 0.325001
271 0.254948
272 -0.470438
273 -0.376225
274 -0.331547
275 -0.151029
276 0.42349
277 0.0678034
278 0.0780049
279 -0.437341
280 0.533267
281 0.031837
282 0.338563
283 0.0621202
284 -0.247801
285 0.0960379
286 0.165379
287 0.232391
288 0.375372
289 -0.0509381
290 0.899675
291 0.930811
292 0.310593
293 0.408161
294 0.992113
295 0.722077
296 0.64519
297 0.617569
298 0.469672
299 1.08334
300 1.14729
301 1.43385
302 0.994995
303 1.34652
304 1.73564
305 1.34516
306 0.87623
307 1.83425
308 1.07781
309 1.60423
310 2.0275
311 1.21781
312 1.21456
313 1.91207
314 1.78933
315 1.43556
316 1.43249
317 2.33102
318 1.99273
319 2.07786
320 1.49226
321 2.04395
322 2.09701
323 1.82567
324 2.40734
325 1.97497
326 2.36268
327 1.79531
328 2.26221
329 2.42824
330 2.40039
331 1.85699
332 2.23555
333 1.69531
334 1.43068
335 2.1267
336 2.12566
337 1.32343
338 1.9107
339 2.08864
340 1.75065
341 1.7017
342 1.01336
343 1.61866
344 1.2171
345 1.35944
346 1.56812
347 1.12452
348 1.13047
349 0.970128
350 0.585226
351 0.983545
352 1.35737
353 1.01257
354 1.1312
355 1.08301
356 0.306795
357 0.818755
358 0.213466
359 0.919015
360 0.616407
361 0.00712963
362 0.197506
363 0.305947
364 0.19304
365 0.159386
366 0.00826661
367 -0.0576085
368 0.158036
369 -0.351032
370 -0.181149
371 -0.242859
372 0.262322
373 -0.190609
374 0.420576
375 -0.406419
376 0.353895
377 0.245912
378 0.0484279
379 -0.111533
380 -0.305698
381 0.186159
382 0.498553
383 -0.248246
384 -0.0284457
385 0.474243
386 -0.250435
387 0.261828
388 0.343243
389 0.0778697
390 0.357849
391 0.196151
392 0.378089
393 0.901904
394 0.898766
395 1.01438
396 0.547394
397 0.432101
398 0.516755
399 1.29615
400 0.698225
401 0.974785
402 0.710001
403 1.63021
404 1.46219
405 0.812287
406 0.904539
407 1.4912
408 1.72305
409 1.60296
410 2.01026
411 2.02408
412 1.36762
413 2.05482
414 1.28524
415 1.80797
416 1.95345
417 1.41111
418 2.39458
419 1.56669
420 1.70116
421 1.90398
422 1.85119
423 2.10207
424 1.76111
425 1.63579
426 1.93138
427 2.05129
428 1.73757
429 2.04403
430 1.86918
431 1.88329
432 2.39227
433 1.8791
434 1.74068
435 2.00997
436 1.77659
437 1.66174
438 1.45093
439 1.3848
440 2.08769
441 1.22468
442 1.11579
443 1.10876
444 0.882842
445 0.957783
446 1.43063
447 1.31122
448 0.808907
449 1.23449
450 1.26076
451 0.870889
452 0.481761
453 0.442275
454 0.294942
455 0.561161
456 0.397325
457 0.551203
458 0.947596
459 0.484904
460 -0.0353595
461 0.210048
462 0.789694
463 -0.1891
464 0.579753
465 0.0615735
466 0.396488
467 -0.0199717
468 0.398532
469 -0.422587
470 0.15265
471 0.334679
472 -0.286246
473 0.245625
474 0.488211
475 -0.289248
476 0.388472
477 0.176056
478 0.352299
479 -0.398517
480 -0.111195
481 0.16556
482 0.0989108
483 0.0706419
484 0.380658
485 0.238346
486 0.546606
487 0.76146
488 -0.160209
489 0.60904
490 0.423369
491 0.0409319
492 0.112177
493 0.559611
494 0.248498
495 1.13517
496 1.10729
497 1.17005
498 0.67519
499 1.09654
500 1.36462
501 1.46702
502 1.08793
503 0.748044
504 1.39066
505 1.25785
506 1.13954
507 1.45425
508 1.09876
509 1.14183
510 1.68632
511 1.59429
512 1.88589
513 1.33124
514 2.17433
515 1.73535
516 1.99397
517 2.09725
518 1.82159
519 2.10376
520 1.91847
521 2.39651
522 2.23304
523 2.05347
524 1.91135
525 2.36738
526 2.00358
527 1.76142
528 2.20711
529 2.27466
530 2.37971
531 2.01923
532 2.11514
533 1.76756
534 1.99445
535 1.66131
536 2.1106
537 2.15052
538 2.06531
539 2.09452
540 1.11534
541 1.51513
542 1.39572
543 1.65468
544 1.44971
545 1.12681
546 0.903931
547 0.918613
548 0.664073
549 1.1348
550 1.40522
551 0.943365
552 0.874605
553 0.968594
554 0.318817
555 1.10424
556 0.655233
557 0.647277
558 0.200815
559 0.212354
560 0.29135
561 -0.0262096
562 0.653086
563 -0.139521
564 0.231946
565 0.178737
566 0.0974056
567 -0.0337662
568 0.00446918
569 -0.107285
570 -0.151427
571 -0.0317366
572 0.319501
573 0.221476
574 -0.332283
575 -0.116635
576 -0.466652
577 -0.171139
578 0.132301
579 -0.398477
580 0.441921
581 0.0900248
582 0.171426
583 0.0166004
584 -0.16856
585 0.334735
586 0.0356477
587 0.470149
588 0.0322537
589 0.351298
590 0.859506
591 0.560102
592 0.618176
593 0.859139
594 0.817247
595 0.293367
596 0.523978
597 0.439719
598 0.819587
599 1.11917
600 0.949589
601 1.30734
602 0.744139
603 0.938757
604 1.20683
605 1.09357
606 1.50287
607 1.41529
608 1.58728
609 1.28516
610 1.64741
611 1.63593
612 1.95368
613 1.36485
614 2.16193
615 2.25393
616 2.12397
617 1.57389
618 2.04886
619 2.42622
620 2.13737
621 2.05992
622 2.07467
623 1.77837
624 1.87429
625 1.77776
626 1.88667
627 2.14105
628 1.88716
629 2.30216
630 1.78196
631 2.28425
632 1.98296
633 1.82603
634 1.45018
635 1.3453
636 2.00479
637 1.96957
638 1.71035
639 1.47724
640 2.07773
641 1.12126
642 1.82008
643 1.68487
644 1.08944
645 1.53877
646 1.45269
647 0.688343
648 1.55268
649 0.910829
650 1.49741
651 1.05087
652 1.31404
653 0.902414
654 1.15122
655 0.506617
656 0.999433
657 0.362781
658 0.982816
659 0.236601
660 0.0343484
661 0.15805
662 -0.0576527
663 0.471294
664 0.474677
665 -0.076273
666 0.392209
667 0.103157
668 0.568515
669 -0.167444
670 0.368212
671 0.494694
672 -0.134531
673 0.165473
674 0.224327
675 0.069066
676 -0.110697
677 -0.0657699
678 0.0877307
679 -0.153921
680 0.323317
681 0.137642
682 0.523485
683 0.33743
684 -0.187124
685 0.519199
686 -0.241151
687 -0.204217
688 -0.06778
689 0.856499
690 0.209386
691 0.203066
692 0.307636
693 0.498279
694 1.07102
695 0.225557
696 0.908107
697 0.9883
698 0.888699
699 1.06734
700 1.43801
701 0.896089
702 1.21874
703 0.973146
704 1.73957
705 1.12478
706 1.72296
707 1.304
708 1.72386
709 1.46068
710 1.78067
711 1.65391
712 2.17682
713 1.85017
714 1.50074
715 1.4585
716 1.79375
717 1.6359
718 1.57907
719 1.99597
720 1.70459
721 1.94001
722 2.28738
723 2.03504
724 2.39352
725 2.24426
726 2.07554
727 2.04441
728 1.90224
729 1.56014
730 1.6335
731 1.78775
732 1.82969
733 2.15217
734 1.98807
735 1.72478
736 1.36215
737 1.72755
738 1.97853
739 1.97118
740 2.01123
741 1.5227
742 1.332
743 1.84151
744 0.976203
745 1.3895
746 0.813909
747 1.24489
748 1.46542
749 0.802258
750 0.623703
751 0.530828
752 1.08556
753 1.24142
754 0.887857
755 0.797371
756 0.804934
757 0.288278
758 0.176932
759 0.0571771
760 0.217823
761 0.203703
762 0.266421
763 0.501498
764 -0.153527
765 -0.214311
766 -0.198109
767 -0.167691
768 0.188457
769 0.510418
770 -0.408694
771 0.0481374
772 -0.0552282
773 -0.0995124
774 -0.065588
775 0.0351267
776 0.475049
777 0.00553224
778 -0.389668
779 0.344568
780 0.286047
781 -0.213465
782 0.501931
783 0.0716796
784 -0.199226
785 0.234277
786 -0.21615
787 0.589181
788 0.572794
789 0.0756147
790 0.823359
791 0.0271139
792 0.572403
793 0.436325
794 0.925275
795 0.862119
796 0.708114
797 1.25223
798 1.25441
799 0.487292
800 1.3798
801 1.4849
802 1.19213
803 0.994243
804 1.0634
805 1.80826
806 1.71011
807 1.21356
808 1.47864
809 1.97044
810 1.18872
811 1.37142
812 1.33547
813 1.23667
814 1.9525
815 1.60505
816 1.89533
817 2.11267
818 1.51902
819 1.73813
820 2.40046
821 1.49393
822 1.85359
823 1.99569
824 1.88549
825 1.66472
826 1.67275
827 2.33639
828 1.58663
829 1.52307
830 2.34543
831 2.41394
832 2.38143
833 1.83749
834 1.63536
835 1.60034
836 1.73095
837 1.362
838 1.76366
839 2.09476
840 1.15544
841 1.71589
842 1.1731
843 1.14437
844 1.5559
845 1.68235
846 1.26332
847 0.92617
848 1.23504
849 1.19162
850 1.04715
851 0.996323
852 1.02885
853 1.23108
854 0.314001
855 0.232633
856 0.215052
857 0.311633
858 0.904174
859 0.151691
860 0.204106
861 0.642875
862 -0.0128737
863 0.039517
864 -0.0290336
865 0.153683
866 0.21547
867 0.325603
868 0.190897
869 -0.290873
870 0.20818
871 0.194785
872 0.33667
873 0.358452
874 0.38392
875 0.00672155
876 0.225865
877 -0.0955471
878 0.26321
879 -0.135001
880 -0.425669
881 -0.137144
882 0.487855
883 0.303253
884 -0.13325
885 0.646343
886 0.450684
887 0.0652741
888 0.00821389
889 0.46969
890 0.393965
891 0.448815
892 0.405649
893 0.727635
894 0.884994
895 0.819857
896 0.367416
897 0.625528
898 0.705444
899 1.14903
900 0.951808
901 1.5528
902 1.00052
903 0.958145
904 1.58927
905 1.06615
906 1.64561
907 1.49025
908 1.63546
909 1.55881
910 1.98584
911 1.81652
912 2.00017
913 2.01971
914 1.62918
915 1.33573
916 2.09044
917 1.45618
918 1.72579
919 2.36866
920 2.13805
921 2.27131
922 1.90583
923 1.56653
924 1.95418
925 1.67667
926 2.20133
927 2.06439
928 1.97188
929 1.50268
930 1.73517
931 2.37119
932 1.42894
933 2.03562
934 1.55652
935 2.17372
936 2.18698
937 2.21866
938 1.61374
939 1.70761
940 1.60047
941 1.36308
942 1.23105
943 1.2541
944 0.986134
945 1.41699
946 1.10373
947 1.55151
948 1.31318
949 1.2388
950 1.30302
951 0.812062
952 0.853402
953 0.539179
954 0.700577
955 1.12587
956 0.535105
957 0.226787
958 0.5254
959 0.856992
960 0.0988686
961 0.653835
962 0.649681
963 -0.0182052
964 0.180053
965 -0.262605
966 -0.268867
967 -0.00928471
968 -0.368735
969 0.0748614
970 0.486139
971 0.0801851
972 0.349593
973 -0.305637
974 0.37905
975 0.449876
976 0.296407
977 -0.260012
978 0.331704
979 0.0136866
980 0.457039
981 0.187219
982 0.452281
983 0.0105097
984 0.499213
985 -0.00265662
986 0.0511752
987 0.0177882
988 0.274366
989 0.691406
990 0.0517784
991 0.609729
992 0.638324
993 1.048
994 0.988184
995 0.261618
996 0.271496
997 1.24438
998 0.812317
999 0.493482
1000 0.936395
1001 0.937632
1002 1.23037
1003 0.955655
1004 1.31001
1005 1.29113
1006 1.08627
1007 1.28153
1008 1.69597
1009 1.06797
1010 1.92581
1011 1.75974
1012 1.83369
1013 1.92411
1014 1.27966
1015 1.80171
1016 1.34584
1017 1.70715
1018 2.14429
1019 1.89021
1020 1.61074
1021 2.34762
1022 1.58829
1023 2.27189
